-388 0101111111110010000000110010110001110111010001011010011011011001110010000011101100001111001101010100111001000010101000010000101001100111011110001000111000010110010011010000110010111001101001001100000101100000010100101110000010101011100111100001010010100101111010001101110110001010101001110
578
0 1 -1
1 2 -1
2 3 -1
3 4 1
4 5 1
5 6 1
6 7 1
7 8 1
8 9 1
9 10 1
10 11 1
11 12 -1
12 13 1
13 14 -1
14 15 -1
15 16 1
16 0 1
17 18 1
18 19 1
19 20 1
20 21 1
21 22 1
22 23 1
23 24 -1
24 25 1
25 26 -1
26 27 -1
27 28 -1
28 29 1
29 30 1
30 31 1
31 32 1
32 33 1
33 17 1
34 35 1
35 36 -1
36 37 -1
37 38 -1
38 39 1
39 40 1
40 41 1
41 42 1
42 43 1
43 44 1
44 45 -1
45 46 -1
46 47 -1
47 48 1
48 49 -1
49 50 -1
50 34 1
51 52 -1
52 53 -1
53 54 -1
54 55 -1
55 56 1
56 57 1
57 58 -1
58 59 1
59 60 1
60 61 -1
61 62 1
62 63 1
63 64 1
64 65 1
65 66 -1
66 67 1
67 51 1
68 69 -1
69 70 -1
70 71 1
71 72 1
72 73 1
73 74 -1
74 75 1
75 76 1
76 77 1
77 78 1
78 79 1
79 80 -1
80 81 -1
81 82 1
82 83 1
83 84 -1
84 68 1
85 86 1
86 87 1
87 88 -1
88 89 1
89 90 -1
90 91 1
91 92 -1
92 93 1
93 94 -1
94 95 -1
95 96 -1
96 97 -1
97 98 -1
98 99 1
99 100 -1
100 101 1
101 85 1
102 103 -1
103 104 1
104 105 1
105 106 -1
106 107 -1
107 108 1
108 109 1
109 110 -1
110 111 -1
111 112 -1
112 113 -1
113 114 -1
114 115 -1
115 116 1
116 117 1
117 118 -1
118 102 -1
119 120 -1
120 121 -1
121 122 1
122 123 -1
123 124 1
124 125 -1
125 126 1
126 127 -1
127 128 -1
128 129 -1
129 130 -1
130 131 1
131 132 1
132 133 -1
133 134 1
134 135 1
135 119 1
136 137 -1
137 138 1
138 139 1
139 140 1
140 141 -1
141 142 -1
142 143 1
143 144 -1
144 145 -1
145 146 1
146 147 1
147 148 -1
148 149 1
149 150 -1
150 151 -1
151 152 1
152 136 1
153 154 1
154 155 -1
155 156 1
156 157 -1
157 158 1
158 159 -1
159 160 1
160 161 1
161 162 -1
162 163 1
163 164 -1
164 165 1
165 166 -1
166 167 -1
167 168 1
168 169 1
169 153 1
170 171 1
171 172 1
172 173 1
173 174 -1
174 175 1
175 176 -1
176 177 -1
177 178 -1
178 179 -1
179 180 1
180 181 -1
181 182 1
182 183 1
183 184 1
184 185 1
185 186 -1
186 170 -1
187 188 1
188 189 -1
189 190 -1
190 191 1
191 192 -1
192 193 1
193 194 1
194 195 1
195 196 1
196 197 1
197 198 1
198 199 1
199 200 1
200 201 -1
201 202 -1
202 203 -1
203 187 1
204 205 1
205 206 1
206 207 1
207 208 -1
208 209 -1
209 210 -1
210 211 -1
211 212 -1
212 213 1
213 214 -1
214 215 -1
215 216 -1
216 217 1
217 218 1
218 219 -1
219 220 -1
220 204 1
221 222 1
222 223 1
223 224 -1
224 225 -1
225 226 -1
226 227 -1
227 228 -1
228 229 1
229 230 -1
230 231 -1
231 232 1
232 233 -1
233 234 1
234 235 -1
235 236 1
236 237 1
237 221 -1
238 239 -1
239 240 -1
240 241 1
241 242 -1
242 243 -1
243 244 1
244 245 -1
245 246 -1
246 247 1
247 248 -1
248 249 -1
249 250 1
250 251 -1
251 252 1
252 253 1
253 254 1
254 238 -1
255 256 1
256 257 1
257 258 1
258 259 -1
259 260 1
260 261 -1
261 262 1
262 263 1
263 264 -1
264 265 1
265 266 1
266 267 -1
267 268 1
268 269 1
269 270 1
270 271 -1
271 255 1
272 273 1
273 274 1
274 275 1
275 276 1
276 277 -1
277 278 -1
278 279 -1
279 280 -1
280 281 -1
281 282 -1
282 283 -1
283 284 1
284 285 1
285 286 1
286 287 1
287 288 -1
288 272 -1
0 17 1
1 18 -1
2 19 1
3 20 -1
4 21 -1
5 22 1
6 23 -1
7 24 -1
8 25 -1
9 26 1
10 27 1
11 28 1
12 29 -1
13 30 1
14 31 -1
15 32 1
16 33 -1
17 34 -1
18 35 1
19 36 1
20 37 -1
21 38 -1
22 39 1
23 40 -1
24 41 -1
25 42 1
26 43 -1
27 44 1
28 45 1
29 46 -1
30 47 -1
31 48 -1
32 49 -1
33 50 1
34 51 -1
35 52 -1
36 53 -1
37 54 1
38 55 -1
39 56 1
40 57 -1
41 58 -1
42 59 -1
43 60 -1
44 61 1
45 62 1
46 63 -1
47 64 -1
48 65 1
49 66 1
50 67 -1
51 68 -1
52 69 1
53 70 -1
54 71 -1
55 72 1
56 73 -1
57 74 1
58 75 -1
59 76 1
60 77 -1
61 78 -1
62 79 -1
63 80 -1
64 81 -1
65 82 -1
66 83 -1
67 84 -1
68 85 1
69 86 -1
70 87 -1
71 88 -1
72 89 1
73 90 -1
74 91 -1
75 92 -1
76 93 1
77 94 1
78 95 1
79 96 -1
80 97 1
81 98 1
82 99 1
83 100 -1
84 101 -1
85 102 -1
86 103 -1
87 104 -1
88 105 -1
89 106 1
90 107 -1
91 108 -1
92 109 1
93 110 1
94 111 1
95 112 -1
96 113 1
97 114 1
98 115 1
99 116 -1
100 117 -1
101 118 -1
102 119 1
103 120 1
104 121 1
105 122 -1
106 123 1
107 124 -1
108 125 1
109 126 -1
110 127 -1
111 128 1
112 129 1
113 130 -1
114 131 -1
115 132 -1
116 133 -1
117 134 -1
118 135 -1
119 136 -1
120 137 -1
121 138 -1
122 139 -1
123 140 -1
124 141 -1
125 142 1
126 143 -1
127 144 -1
128 145 1
129 146 -1
130 147 -1
131 148 -1
132 149 -1
133 150 1
134 151 1
135 152 1
136 153 -1
137 154 -1
138 155 1
139 156 1
140 157 1
141 158 -1
142 159 1
143 160 1
144 161 1
145 162 1
146 163 -1
147 164 -1
148 165 1
149 166 -1
150 167 1
151 168 1
152 169 1
153 170 1
154 171 1
155 172 1
156 173 -1
157 174 -1
158 175 -1
159 176 -1
160 177 1
161 178 1
162 179 -1
163 180 -1
164 181 1
165 182 -1
166 183 -1
167 184 1
168 185 1
169 186 -1
170 187 1
171 188 1
172 189 1
173 190 -1
174 191 -1
175 192 -1
176 193 1
177 194 1
178 195 -1
179 196 -1
180 197 -1
181 198 1
182 199 -1
183 200 -1
184 201 -1
185 202 -1
186 203 -1
187 204 1
188 205 -1
189 206 -1
190 207 1
191 208 1
192 209 1
193 210 1
194 211 -1
195 212 1
196 213 1
197 214 -1
198 215 1
199 216 1
200 217 -1
201 218 1
202 219 -1
203 220 1
204 221 1
205 222 1
206 223 1
207 224 -1
208 225 1
209 226 1
210 227 1
211 228 -1
212 229 1
213 230 -1
214 231 1
215 232 1
216 233 -1
217 234 1
218 235 1
219 236 -1
220 237 -1
221 238 -1
222 239 1
223 240 1
224 241 -1
225 242 1
226 243 1
227 244 1
228 245 1
229 246 1
230 247 -1
231 248 1
232 249 1
233 250 -1
234 251 1
235 252 -1
236 253 1
237 254 -1
238 255 1
239 256 -1
240 257 -1
241 258 -1
242 259 1
243 260 1
244 261 1
245 262 1
246 263 1
247 264 -1
248 265 -1
249 266 1
250 267 1
251 268 -1
252 269 1
253 270 -1
254 271 -1
255 272 -1
256 273 -1
257 274 -1
258 275 -1
259 276 -1
260 277 1
261 278 -1
262 279 1
263 280 1
264 281 -1
265 282 1
266 283 1
267 284 -1
268 285 1
269 286 1
270 287 -1
271 288 -1
272 0 -1
273 1 -1
274 2 1
275 3 1
276 4 1
277 5 -1
278 6 1
279 7 -1
280 8 -1
281 9 -1
282 10 1
283 11 -1
284 12 -1
285 13 -1
286 14 1
287 15 -1
288 16 1
