-680 1001001011000010110000001011011110110100001010001001001110100010110101000000011101100111000110010101001110111100101011100101001001010110101001001110110010010111110001000100110011001010101110100001111010110010101101100100110010010110100001111101110110010001010010010100101010110011001001111011110001000000101010001111100100110000110110101110101010011100010101001100101111001100010111000111101001100000010101110111001100011001101101010101001110001001101100101000101101001000100000100110
968
0 1 1
1 2 1
2 3 -1
3 4 1
4 5 -1
5 6 1
6 7 -1
7 8 -1
8 9 1
9 10 -1
10 11 1
11 12 1
12 13 1
13 14 -1
14 15 -1
15 16 -1
16 17 1
17 18 -1
18 19 1
19 20 1
20 21 -1
21 0 -1
22 23 1
23 24 1
24 25 -1
25 26 -1
26 27 1
27 28 -1
28 29 -1
29 30 1
30 31 1
31 32 1
32 33 -1
33 34 -1
34 35 1
35 36 1
36 37 -1
37 38 -1
38 39 1
39 40 1
40 41 1
41 42 -1
42 43 -1
43 22 1
44 45 -1
45 46 1
46 47 -1
47 48 1
48 49 -1
49 50 1
50 51 -1
51 52 -1
52 53 1
53 54 -1
54 55 1
55 56 1
56 57 1
57 58 1
58 59 -1
59 60 1
60 61 1
61 62 1
62 63 1
63 64 -1
64 65 1
65 44 1
66 67 -1
67 68 -1
68 69 -1
69 70 -1
70 71 -1
71 72 1
72 73 1
73 74 1
74 75 1
75 76 1
76 77 -1
77 78 -1
78 79 1
79 80 -1
80 81 -1
81 82 1
82 83 -1
83 84 1
84 85 -1
85 86 -1
86 87 1
87 66 -1
88 89 1
89 90 1
90 91 1
91 92 1
92 93 -1
93 94 1
94 95 -1
95 96 -1
96 97 -1
97 98 -1
98 99 1
99 100 -1
100 101 1
101 102 -1
102 103 1
103 104 1
104 105 -1
105 106 -1
106 107 1
107 108 1
108 109 -1
109 88 -1
110 111 1
111 112 -1
112 113 -1
113 114 -1
114 115 -1
115 116 1
116 117 1
117 118 1
118 119 -1
119 120 1
120 121 -1
121 122 -1
122 123 -1
123 124 -1
124 125 1
125 126 -1
126 127 -1
127 128 1
128 129 -1
129 130 -1
130 131 -1
131 110 1
132 133 -1
133 134 1
134 135 1
135 136 -1
136 137 -1
137 138 -1
138 139 -1
139 140 1
140 141 -1
141 142 -1
142 143 1
143 144 1
144 145 1
145 146 1
146 147 -1
147 148 -1
148 149 1
149 150 1
150 151 1
151 152 -1
152 153 -1
153 132 1
154 155 -1
155 156 -1
156 157 -1
157 158 1
158 159 -1
159 160 1
160 161 1
161 162 -1
162 163 1
163 164 1
164 165 -1
165 166 -1
166 167 1
167 168 1
168 169 -1
169 170 -1
170 171 1
171 172 -1
172 173 1
173 174 -1
174 175 1
175 154 1
176 177 1
177 178 -1
178 179 -1
179 180 -1
180 181 -1
181 182 -1
182 183 -1
183 184 1
184 185 1
185 186 -1
186 187 1
187 188 1
188 189 -1
189 190 -1
190 191 -1
191 192 -1
192 193 1
193 194 1
194 195 -1
195 196 1
196 197 1
197 176 1
198 199 1
199 200 -1
200 201 -1
201 202 -1
202 203 1
203 204 -1
204 205 1
205 206 -1
206 207 1
207 208 -1
208 209 -1
209 210 -1
210 211 1
211 212 1
212 213 -1
213 214 1
214 215 -1
215 216 1
216 217 1
217 218 -1
218 219 1
219 198 -1
220 221 1
221 222 -1
222 223 -1
223 224 1
224 225 -1
225 226 1
226 227 1
227 228 -1
228 229 -1
229 230 1
230 231 -1
231 232 -1
232 233 -1
233 234 1
234 235 1
235 236 1
236 237 -1
237 238 1
238 239 1
239 240 1
240 241 1
241 220 1
242 243 -1
243 244 1
244 245 1
245 246 -1
246 247 1
247 248 1
248 249 -1
249 250 -1
250 251 -1
251 252 -1
252 253 1
253 254 1
254 255 -1
255 256 -1
256 257 1
257 258 -1
258 259 1
259 260 -1
260 261 -1
261 262 1
262 263 1
263 242 -1
264 265 -1
265 266 -1
266 267 1
267 268 1
268 269 -1
269 270 1
270 271 -1
271 272 -1
272 273 -1
273 274 -1
274 275 1
275 276 1
276 277 1
277 278 1
278 279 1
279 280 -1
280 281 -1
281 282 -1
282 283 -1
283 284 -1
284 285 -1
285 264 -1
286 287 1
287 288 -1
288 289 -1
289 290 -1
290 291 1
291 292 1
292 293 -1
293 294 -1
294 295 1
295 296 -1
296 297 -1
297 298 -1
298 299 1
299 300 1
300 301 1
301 302 -1
302 303 1
303 304 1
304 305 -1
305 306 1
306 307 -1
307 286 1
308 309 -1
309 310 1
310 311 -1
311 312 -1
312 313 1
313 314 1
314 315 1
315 316 1
316 317 -1
317 318 1
318 319 1
319 320 1
320 321 1
321 322 1
322 323 1
323 324 -1
324 325 1
325 326 1
326 327 1
327 328 -1
328 329 1
329 308 1
330 331 -1
331 332 1
332 333 -1
333 334 -1
334 335 -1
335 336 -1
336 337 1
337 338 1
338 339 -1
339 340 1
340 341 1
341 342 -1
342 343 -1
343 344 -1
344 345 -1
345 346 1
346 347 -1
347 348 1
348 349 1
349 350 1
350 351 1
351 330 -1
352 353 1
353 354 -1
354 355 -1
355 356 -1
356 357 -1
357 358 -1
358 359 1
359 360 -1
360 361 1
361 362 -1
362 363 1
363 364 -1
364 365 -1
365 366 -1
366 367 1
367 368 1
368 369 1
369 370 -1
370 371 1
371 372 -1
372 373 1
373 352 -1
374 375 1
375 376 1
376 377 -1
377 378 -1
378 379 -1
379 380 1
380 381 1
381 382 -1
382 383 1
383 384 1
384 385 -1
385 386 1
386 387 1
387 388 1
388 389 1
389 390 -1
390 391 -1
391 392 1
392 393 -1
393 394 1
394 395 -1
395 374 1
396 397 1
397 398 1
398 399 1
399 400 1
400 401 -1
401 402 -1
402 403 -1
403 404 -1
404 405 -1
405 406 1
406 407 1
407 408 -1
408 409 1
409 410 1
410 411 1
411 412 -1
412 413 1
413 414 1
414 415 1
415 416 1
416 417 1
417 396 1
418 419 1
419 420 1
420 421 1
421 422 1
422 423 -1
423 424 -1
424 425 -1
425 426 -1
426 427 1
427 428 -1
428 429 -1
429 430 -1
430 431 -1
431 432 1
432 433 -1
433 434 -1
434 435 -1
435 436 -1
436 437 -1
437 438 -1
438 439 1
439 418 -1
440 441 1
441 442 1
442 443 1
443 444 1
444 445 -1
445 446 -1
446 447 -1
447 448 1
448 449 -1
449 450 -1
450 451 1
451 452 -1
452 453 1
453 454 -1
454 455 1
455 456 -1
456 457 -1
457 458 1
458 459 1
459 460 -1
460 461 -1
461 440 -1
462 463 1
463 464 -1
464 465 -1
465 466 -1
466 467 1
467 468 -1
468 469 -1
469 470 -1
470 471 1
471 472 -1
472 473 -1
473 474 1
474 475 1
475 476 1
476 477 1
477 478 -1
478 479 -1
479 480 1
480 481 1
481 482 1
482 483 -1
483 462 -1
0 22 1
1 23 1
2 24 -1
3 25 -1
4 26 -1
5 27 -1
6 28 -1
7 29 -1
8 30 -1
9 31 1
10 32 -1
11 33 1
12 34 -1
13 35 -1
14 36 -1
15 37 -1
16 38 -1
17 39 -1
18 40 1
19 41 1
20 42 -1
21 43 1
22 44 -1
23 45 1
24 46 -1
25 47 1
26 48 1
27 49 -1
28 50 -1
29 51 -1
30 52 -1
31 53 -1
32 54 -1
33 55 1
34 56 1
35 57 -1
36 58 -1
37 59 -1
38 60 1
39 61 1
40 62 -1
41 63 -1
42 64 1
43 65 1
44 66 1
45 67 -1
46 68 1
47 69 -1
48 70 -1
49 71 1
50 72 1
51 73 -1
52 74 1
53 75 1
54 76 -1
55 77 1
56 78 1
57 79 -1
58 80 -1
59 81 1
60 82 -1
61 83 -1
62 84 -1
63 85 -1
64 86 1
65 87 1
66 88 1
67 89 -1
68 90 1
69 91 1
70 92 -1
71 93 1
72 94 1
73 95 -1
74 96 1
75 97 1
76 98 1
77 99 1
78 100 -1
79 101 -1
80 102 1
81 103 1
82 104 1
83 105 1
84 106 -1
85 107 1
86 108 1
87 109 -1
88 110 1
89 111 1
90 112 -1
91 113 -1
92 114 1
93 115 1
94 116 -1
95 117 1
96 118 1
97 119 -1
98 120 1
99 121 1
100 122 1
101 123 -1
102 124 -1
103 125 -1
104 126 1
105 127 -1
106 128 -1
107 129 -1
108 130 -1
109 131 1
110 132 1
111 133 -1
112 134 1
113 135 1
114 136 1
115 137 1
116 138 1
117 139 -1
118 140 -1
119 141 -1
120 142 1
121 143 -1
122 144 -1
123 145 -1
124 146 -1
125 147 1
126 148 -1
127 149 -1
128 150 1
129 151 -1
130 152 1
131 153 -1
132 154 1
133 155 1
134 156 -1
135 157 -1
136 158 1
137 159 -1
138 160 1
139 161 1
140 162 1
141 163 -1
142 164 1
143 165 -1
144 166 -1
145 167 -1
146 168 1
147 169 -1
148 170 -1
149 171 -1
150 172 -1
151 173 -1
152 174 -1
153 175 -1
154 176 -1
155 177 1
156 178 1
157 179 -1
158 180 1
159 181 -1
160 182 1
161 183 -1
162 184 -1
163 185 1
164 186 -1
165 187 1
166 188 1
167 189 1
168 190 -1
169 191 -1
170 192 1
171 193 -1
172 194 -1
173 195 1
174 196 1
175 197 -1
176 198 1
177 199 -1
178 200 -1
179 201 1
180 202 -1
181 203 -1
182 204 -1
183 205 1
184 206 1
185 207 1
186 208 1
187 209 1
188 210 1
189 211 -1
190 212 -1
191 213 -1
192 214 -1
193 215 1
194 216 1
195 217 1
196 218 -1
197 219 -1
198 220 1
199 221 -1
200 222 -1
201 223 1
202 224 1
203 225 -1
204 226 1
205 227 -1
206 228 -1
207 229 -1
208 230 1
209 231 -1
210 232 1
211 233 1
212 234 1
213 235 -1
214 236 1
215 237 -1
216 238 -1
217 239 1
218 240 -1
219 241 -1
220 242 -1
221 243 -1
222 244 -1
223 245 -1
224 246 -1
225 247 -1
226 248 1
227 249 -1
228 250 1
229 251 1
230 252 1
231 253 1
232 254 -1
233 255 -1
234 256 -1
235 257 1
236 258 1
237 259 -1
238 260 1
239 261 1
240 262 -1
241 263 1
242 264 -1
243 265 1
244 266 -1
245 267 -1
246 268 -1
247 269 -1
248 270 1
249 271 1
250 272 -1
251 273 1
252 274 -1
253 275 -1
254 276 1
255 277 -1
256 278 -1
257 279 1
258 280 1
259 281 -1
260 282 1
261 283 1
262 284 1
263 285 1
264 286 -1
265 287 1
266 288 -1
267 289 1
268 290 1
269 291 -1
270 292 1
271 293 -1
272 294 1
273 295 1
274 296 -1
275 297 -1
276 298 1
277 299 1
278 300 -1
279 301 -1
280 302 1
281 303 1
282 304 1
283 305 1
284 306 -1
285 307 -1
286 308 1
287 309 -1
288 310 -1
289 311 1
290 312 1
291 313 1
292 314 1
293 315 1
294 316 -1
295 317 1
296 318 1
297 319 1
298 320 1
299 321 -1
300 322 -1
301 323 -1
302 324 1
303 325 1
304 326 -1
305 327 1
306 328 1
307 329 -1
308 330 -1
309 331 1
310 332 -1
311 333 1
312 334 1
313 335 1
314 336 1
315 337 1
316 338 1
317 339 -1
318 340 -1
319 341 -1
320 342 -1
321 343 1
322 344 1
323 345 -1
324 346 1
325 347 -1
326 348 -1
327 349 -1
328 350 -1
329 351 -1
330 352 1
331 353 1
332 354 -1
333 355 -1
334 356 1
335 357 1
336 358 -1
337 359 -1
338 360 1
339 361 -1
340 362 -1
341 363 1
342 364 1
343 365 -1
344 366 1
345 367 -1
346 368 -1
347 369 1
348 370 -1
349 371 -1
350 372 -1
351 373 -1
352 374 1
353 375 1
354 376 1
355 377 1
356 378 -1
357 379 1
358 380 -1
359 381 1
360 382 -1
361 383 1
362 384 1
363 385 1
364 386 1
365 387 1
366 388 1
367 389 -1
368 390 1
369 391 -1
370 392 -1
371 393 -1
372 394 1
373 395 -1
374 396 1
375 397 1
376 398 1
377 399 1
378 400 1
379 401 1
380 402 -1
381 403 1
382 404 1
383 405 -1
384 406 -1
385 407 1
386 408 -1
387 409 1
388 410 1
389 411 -1
390 412 -1
391 413 1
392 414 -1
393 415 1
394 416 -1
395 417 1
396 418 1
397 419 -1
398 420 -1
399 421 1
400 422 1
401 423 1
402 424 -1
403 425 -1
404 426 1
405 427 1
406 428 1
407 429 1
408 430 1
409 431 1
410 432 -1
411 433 1
412 434 -1
413 435 -1
414 436 -1
415 437 -1
416 438 -1
417 439 -1
418 440 -1
419 441 -1
420 442 -1
421 443 1
422 444 -1
423 445 -1
424 446 -1
425 447 -1
426 448 1
427 449 -1
428 450 1
429 451 1
430 452 1
431 453 -1
432 454 -1
433 455 -1
434 456 1
435 457 -1
436 458 1
437 459 1
438 460 1
439 461 1
440 462 1
441 463 -1
442 464 -1
443 465 -1
444 466 -1
445 467 1
446 468 -1
447 469 -1
448 470 -1
449 471 1
450 472 1
451 473 -1
452 474 1
453 475 1
454 476 -1
455 477 1
456 478 1
457 479 1
458 480 1
459 481 -1
460 482 1
461 483 1
462 0 1
463 1 -1
464 2 1
465 3 1
466 4 1
467 5 1
468 6 1
469 7 1
470 8 -1
471 9 -1
472 10 1
473 11 1
474 12 1
475 13 -1
476 14 -1
477 15 1
478 16 1
479 17 1
480 18 1
481 19 -1
482 20 -1
483 21 1
