-1092 1111101110100000110011101010100001011010101101110110100011000011000010101111110111100101011110101111010111011011110101011111101001110110010100010000100011100000110011000100010100011000110010001011010011000011110011100100010010001000101011010010000110100100010111001111011111001010001001000010010100000010100101010101100100110100111001000110111000110000100001011001101101001101011001001011000111110001001010101110001011001001110101101001010101000100010110101010000011010011110001000101101001011101110110110110101101100110001111001010101000010110000110101011011110100100001000011001010001010010010011011001100011100111101000001101110100100100110011001011101001001101001111100101001110011110011110101101110101010110100100001110000101011011111100101011110101001011100011010100000000101010
1568
0 1 1
1 2 1
2 3 1
3 4 1
4 5 -1
5 6 -1
6 7 1
7 8 1
8 9 -1
9 10 -1
10 11 -1
11 12 1
12 13 1
13 14 1
14 15 1
15 16 -1
16 17 1
17 18 -1
18 19 1
19 20 -1
20 21 1
21 22 1
22 23 -1
23 24 -1
24 25 -1
25 26 -1
26 27 -1
27 0 -1
28 29 -1
29 30 1
30 31 1
31 32 1
32 33 -1
33 34 -1
34 35 -1
35 36 1
36 37 -1
37 38 -1
38 39 -1
39 40 1
40 41 -1
41 42 1
42 43 1
43 44 -1
44 45 -1
45 46 1
46 47 1
47 48 -1
48 49 -1
49 50 1
50 51 1
51 52 -1
52 53 -1
53 54 1
54 55 1
55 28 -1
56 57 -1
57 58 -1
58 59 1
59 60 1
60 61 1
61 62 -1
62 63 1
63 64 -1
64 65 -1
65 66 1
66 67 1
67 68 -1
68 69 -1
69 70 -1
70 71 1
71 72 -1
72 73 -1
73 74 1
74 75 1
75 76 1
76 77 -1
77 78 1
78 79 -1
79 80 1
80 81 1
81 82 1
82 83 -1
83 56 -1
84 85 1
85 86 -1
86 87 -1
87 88 1
88 89 1
89 90 1
90 91 1
91 92 1
92 93 -1
93 94 -1
94 95 -1
95 96 -1
96 97 -1
97 98 1
98 99 1
99 100 1
100 101 1
101 102 -1
102 103 -1
103 104 1
104 105 -1
105 106 -1
106 107 -1
107 108 -1
108 109 -1
109 110 -1
110 111 1
111 84 -1
112 113 1
113 114 -1
114 115 1
115 116 -1
116 117 -1
117 118 -1
118 119 -1
119 120 1
120 121 1
121 122 1
122 123 1
123 124 1
124 125 -1
125 126 -1
126 127 -1
127 128 1
128 129 -1
129 130 1
130 131 1
131 132 -1
132 133 -1
133 134 1
134 135 -1
135 136 1
136 137 -1
137 138 1
138 139 -1
139 112 1
140 141 1
141 142 -1
142 143 -1
143 144 -1
144 145 1
145 146 1
146 147 1
147 148 -1
148 149 1
149 150 1
150 151 1
151 152 -1
152 153 -1
153 154 1
154 155 1
155 156 1
156 157 1
157 158 1
158 159 1
159 160 -1
160 161 1
161 162 1
162 163 1
163 164 -1
164 165 1
165 166 -1
166 167 1
167 140 1
168 169 -1
169 170 -1
170 171 1
171 172 1
172 173 -1
173 174 -1
174 175 1
175 176 -1
176 177 1
177 178 -1
178 179 -1
179 180 -1
180 181 -1
181 182 1
182 183 -1
183 184 -1
184 185 1
185 186 -1
186 187 1
187 188 -1
188 189 -1
189 190 1
190 191 1
191 192 1
192 193 1
193 194 1
194 195 -1
195 168 -1
196 197 -1
197 198 -1
198 199 1
199 200 -1
200 201 -1
201 202 1
202 203 1
203 204 1
204 205 1
205 206 -1
206 207 -1
207 208 1
208 209 1
209 210 -1
210 211 1
211 212 -1
212 213 1
213 214 1
214 215 1
215 216 1
216 217 1
217 218 -1
218 219 1
219 220 1
220 221 -1
221 222 -1
222 223 1
223 196 1
224 225 -1
225 226 1
226 227 -1
227 228 -1
228 229 -1
229 230 1
230 231 1
231 232 -1
232 233 -1
233 234 -1
234 235 -1
235 236 -1
236 237 1
237 238 -1
238 239 -1
239 240 -1
240 241 1
241 242 -1
242 243 -1
243 244 1
244 245 1
245 246 -1
246 247 -1
247 248 1
248 249 -1
249 250 -1
250 251 -1
251 224 -1
252 253 -1
253 254 -1
254 255 1
255 256 1
256 257 -1
257 258 -1
258 259 -1
259 260 1
260 261 1
261 262 -1
262 263 1
263 264 -1
264 265 1
265 266 -1
266 267 1
267 268 -1
268 269 -1
269 270 1
270 271 -1
271 272 1
272 273 1
273 274 -1
274 275 -1
275 276 -1
276 277 -1
277 278 1
278 279 1
279 252 1
280 281 1
281 282 -1
282 283 1
283 284 1
284 285 1
285 286 -1
286 287 -1
287 288 1
288 289 1
289 290 -1
290 291 -1
291 292 1
292 293 -1
293 294 -1
294 295 -1
295 296 -1
296 297 -1
297 298 1
298 299 1
299 300 -1
300 301 1
301 302 -1
302 303 -1
303 304 -1
304 305 1
305 306 1
306 307 -1
307 280 1
308 309 -1
309 310 -1
310 311 -1
311 312 -1
312 313 -1
313 314 -1
314 315 -1
315 316 1
316 317 -1
317 318 1
318 319 -1
319 320 -1
320 321 -1
321 322 -1
322 323 -1
323 324 -1
324 325 -1
325 326 -1
326 327 1
327 328 -1
328 329 1
329 330 1
330 331 -1
331 332 1
332 333 -1
333 334 1
334 335 1
335 308 1
336 337 -1
337 338 1
338 339 -1
339 340 -1
340 341 1
341 342 1
342 343 -1
343 344 1
344 345 1
345 346 -1
346 347 1
347 348 1
348 349 1
349 350 1
350 351 1
351 352 -1
352 353 -1
353 354 1
354 355 1
355 356 1
356 357 -1
357 358 -1
358 359 -1
359 360 1
360 361 1
361 362 1
362 363 1
363 336 -1
364 365 -1
365 366 -1
366 367 1
367 368 1
368 369 -1
369 370 -1
370 371 1
371 372 -1
372 373 1
373 374 -1
374 375 -1
375 376 -1
376 377 1
377 378 1
378 379 -1
379 380 1
380 381 -1
381 382 -1
382 383 1
383 384 -1
384 385 -1
385 386 -1
386 387 1
387 388 -1
388 389 1
389 390 -1
390 391 -1
391 364 1
392 393 1
393 394 1
394 395 1
395 396 -1
396 397 1
397 398 1
398 399 -1
399 400 -1
400 401 1
401 402 -1
402 403 -1
403 404 1
404 405 -1
405 406 -1
406 407 -1
407 408 -1
408 409 1
409 410 1
410 411 -1
411 412 1
412 413 1
413 414 -1
414 415 -1
415 416 1
416 417 1
417 418 -1
418 419 1
419 392 -1
420 421 -1
421 422 1
422 423 -1
423 424 1
424 425 1
425 426 -1
426 427 1
427 428 -1
428 429 -1
429 430 1
430 431 -1
431 432 1
432 433 -1
433 434 1
434 435 -1
435 436 1
436 437 -1
437 438 -1
438 439 -1
439 440 1
440 441 -1
441 442 -1
442 443 1
443 444 1
444 445 1
445 446 -1
446 447 1
447 420 -1
448 449 -1
449 450 -1
450 451 -1
451 452 1
452 453 -1
453 454 1
454 455 1
455 456 -1
456 457 -1
457 458 -1
458 459 -1
459 460 1
460 461 -1
461 462 1
462 463 1
463 464 -1
464 465 1
465 466 -1
466 467 1
467 468 -1
468 469 1
469 470 -1
470 471 1
471 472 1
472 473 -1
473 474 -1
474 475 1
475 448 1
476 477 -1
477 478 -1
478 479 1
479 480 1
480 481 1
481 482 -1
482 483 -1
483 484 1
484 485 -1
485 486 1
486 487 -1
487 488 1
488 489 -1
489 490 -1
490 491 -1
491 492 1
492 493 1
493 494 -1
494 495 -1
495 496 1
496 497 1
497 498 1
498 499 -1
499 500 1
500 501 -1
501 502 1
502 503 1
503 476 1
504 505 -1
505 506 1
506 507 -1
507 508 -1
508 509 -1
509 510 -1
510 511 1
511 512 -1
512 513 -1
513 514 1
514 515 1
515 516 1
516 517 -1
517 518 1
518 519 -1
519 520 1
520 521 1
521 522 -1
522 523 1
523 524 1
524 525 1
525 526 -1
526 527 1
527 528 -1
528 529 -1
529 530 -1
530 531 -1
531 504 1
532 533 -1
533 534 1
534 535 -1
535 536 1
536 537 1
537 538 1
538 539 -1
539 540 1
540 541 1
541 542 1
542 543 -1
543 544 1
544 545 1
545 546 -1
546 547 -1
547 548 1
548 549 -1
549 550 -1
550 551 -1
551 552 1
552 553 -1
553 554 -1
554 555 1
555 556 1
556 557 -1
557 558 1
558 559 -1
559 532 1
560 561 -1
561 562 -1
562 563 1
563 564 1
564 565 -1
565 566 -1
566 567 1
567 568 1
568 569 1
569 570 -1
570 571 -1
571 572 1
572 573 1
573 574 1
574 575 1
575 576 1
576 577 -1
577 578 1
578 579 1
579 580 -1
580 581 -1
581 582 -1
582 583 1
583 584 1
584 585 -1
585 586 -1
586 587 -1
587 560 1
588 589 1
589 590 -1
590 591 -1
591 592 1
592 593 -1
593 594 -1
594 595 1
595 596 -1
596 597 1
597 598 -1
598 599 -1
599 600 1
600 601 -1
601 602 1
602 603 -1
603 604 1
604 605 -1
605 606 1
606 607 1
607 608 -1
608 609 1
609 610 1
610 611 -1
611 612 1
612 613 -1
613 614 1
614 615 1
615 588 -1
616 617 -1
617 618 -1
618 619 1
619 620 1
620 621 1
621 622 1
622 623 1
623 624 1
624 625 1
625 626 -1
626 627 1
627 628 1
628 629 1
629 630 1
630 631 -1
631 632 -1
632 633 1
633 634 -1
634 635 -1
635 636 1
636 637 -1
637 638 -1
638 639 1
639 640 -1
640 641 1
641 642 -1
642 643 -1
643 616 -1
644 645 1
645 646 -1
646 647 1
647 648 -1
648 649 -1
649 650 -1
650 651 -1
651 652 1
652 653 -1
653 654 1
654 655 -1
655 656 1
656 657 -1
657 658 1
658 659 1
659 660 -1
660 661 1
661 662 -1
662 663 1
663 664 1
664 665 1
665 666 -1
666 667 1
667 668 1
668 669 1
669 670 1
670 671 -1
671 644 1
672 673 -1
673 674 1
674 675 -1
675 676 -1
676 677 1
677 678 -1
678 679 1
679 680 1
680 681 -1
681 682 1
682 683 -1
683 684 1
684 685 1
685 686 1
686 687 1
687 688 1
688 689 -1
689 690 -1
690 691 1
691 692 1
692 693 -1
693 694 1
694 695 -1
695 696 -1
696 697 1
697 698 -1
698 699 1
699 672 -1
700 701 1
701 702 -1
702 703 -1
703 704 -1
704 705 1
705 706 -1
706 707 -1
707 708 -1
708 709 -1
709 710 1
710 711 -1
711 712 -1
712 713 1
713 714 1
714 715 -1
715 716 -1
716 717 1
717 718 1
718 719 -1
719 720 -1
720 721 1
721 722 1
722 723 -1
723 724 1
724 725 1
725 726 1
726 727 -1
727 700 1
728 729 -1
729 730 -1
730 731 -1
731 732 1
732 733 -1
733 734 1
734 735 1
735 736 1
736 737 1
737 738 1
738 739 -1
739 740 -1
740 741 1
741 742 -1
742 743 -1
743 744 -1
744 745 -1
745 746 -1
746 747 1
747 748 1
748 749 1
749 750 1
750 751 -1
751 752 -1
752 753 -1
753 754 -1
754 755 -1
755 728 1
756 757 -1
757 758 -1
758 759 1
759 760 1
760 761 -1
761 762 1
762 763 1
763 764 -1
764 765 1
765 766 1
766 767 -1
767 768 1
768 769 -1
769 770 1
770 771 1
771 772 1
772 773 1
773 774 1
774 775 1
775 776 1
776 777 1
777 778 -1
778 779 -1
779 780 -1
780 781 -1
781 782 -1
782 783 -1
783 756 -1
0 28 1
1 29 -1
2 30 1
3 31 -1
4 32 1
5 33 -1
6 34 -1
7 35 1
8 36 -1
9 37 1
10 38 -1
11 39 1
12 40 -1
13 41 1
14 42 -1
15 43 -1
16 44 -1
17 45 -1
18 46 -1
19 47 -1
20 48 -1
21 49 -1
22 50 1
23 51 -1
24 52 1
25 53 -1
26 54 -1
27 55 1
28 56 1
29 57 -1
30 58 1
31 59 1
32 60 1
33 61 1
34 62 -1
35 63 1
36 64 -1
37 65 1
38 66 -1
39 67 1
40 68 1
41 69 1
42 70 1
43 71 -1
44 72 -1
45 73 1
46 74 1
47 75 1
48 76 -1
49 77 1
50 78 -1
51 79 -1
52 80 1
53 81 -1
54 82 -1
55 83 1
56 84 -1
57 85 -1
58 86 1
59 87 -1
60 88 1
61 89 -1
62 90 1
63 91 1
64 92 -1
65 93 1
66 94 -1
67 95 1
68 96 1
69 97 -1
70 98 1
71 99 -1
72 100 -1
73 101 1
74 102 1
75 103 1
76 104 1
77 105 1
78 106 1
79 107 1
80 108 1
81 109 -1
82 110 1
83 111 1
84 112 -1
85 113 1
86 114 1
87 115 1
88 116 1
89 117 1
90 118 -1
91 119 -1
92 120 1
93 121 -1
94 122 1
95 123 -1
96 124 1
97 125 -1
98 126 -1
99 127 -1
100 128 1
101 129 1
102 130 -1
103 131 1
104 132 -1
105 133 1
106 134 -1
107 135 -1
108 136 -1
109 137 -1
110 138 -1
111 139 1
112 140 -1
113 141 -1
114 142 1
115 143 1
116 144 1
117 145 1
118 146 1
119 147 -1
120 148 1
121 149 -1
122 150 -1
123 151 -1
124 152 1
125 153 -1
126 154 1
127 155 1
128 156 1
129 157 -1
130 158 -1
131 159 -1
132 160 -1
133 161 1
134 162 -1
135 163 -1
136 164 -1
137 165 1
138 166 1
139 167 1
140 168 1
141 169 -1
142 170 1
143 171 -1
144 172 -1
145 173 -1
146 174 1
147 175 -1
148 176 -1
149 177 1
150 178 1
151 179 -1
152 180 1
153 181 1
154 182 -1
155 183 1
156 184 1
157 185 -1
158 186 1
159 187 -1
160 188 1
161 189 -1
162 190 1
163 191 -1
164 192 1
165 193 -1
166 194 -1
167 195 -1
168 196 1
169 197 -1
170 198 1
171 199 -1
172 200 -1
173 201 1
174 202 1
175 203 -1
176 204 1
177 205 1
178 206 -1
179 207 1
180 208 1
181 209 -1
182 210 1
183 211 1
184 212 -1
185 213 -1
186 214 -1
187 215 1
188 216 -1
189 217 -1
190 218 1
191 219 1
192 220 -1
193 221 -1
194 222 -1
195 223 -1
196 224 1
197 225 -1
198 226 1
199 227 1
200 228 -1
201 229 -1
202 230 1
203 231 -1
204 232 -1
205 233 -1
206 234 1
207 235 -1
208 236 1
209 237 -1
210 238 1
211 239 -1
212 240 -1
213 241 -1
214 242 1
215 243 1
216 244 1
217 245 -1
218 246 1
219 247 -1
220 248 -1
221 249 1
222 250 -1
223 251 1
224 252 -1
225 253 1
226 254 1
227 255 1
228 256 -1
229 257 1
230 258 1
231 259 1
232 260 1
233 261 -1
234 262 1
235 263 -1
236 264 1
237 265 1
238 266 -1
239 267 1
240 268 -1
241 269 -1
242 270 1
243 271 -1
244 272 1
245 273 -1
246 274 1
247 275 -1
248 276 -1
249 277 1
250 278 1
251 279 1
252 280 1
253 281 -1
254 282 1
255 283 1
256 284 1
257 285 1
258 286 1
259 287 -1
260 288 -1
261 289 1
262 290 -1
263 291 1
264 292 -1
265 293 1
266 294 -1
267 295 1
268 296 1
269 297 -1
270 298 -1
271 299 -1
272 300 -1
273 301 1
274 302 -1
275 303 1
276 304 1
277 305 1
278 306 -1
279 307 -1
280 308 1
281 309 1
282 310 -1
283 311 -1
284 312 1
285 313 1
286 314 -1
287 315 -1
288 316 1
289 317 1
290 318 1
291 319 -1
292 320 1
293 321 -1
294 322 -1
295 323 1
296 324 1
297 325 -1
298 326 -1
299 327 1
300 328 -1
301 329 -1
302 330 1
303 331 1
304 332 -1
305 333 -1
306 334 1
307 335 -1
308 336 1
309 337 1
310 338 -1
311 339 1
312 340 -1
313 341 1
314 342 -1
315 343 1
316 344 -1
317 345 -1
318 346 -1
319 347 1
320 348 1
321 349 1
322 350 -1
323 351 -1
324 352 1
325 353 -1
326 354 1
327 355 1
328 356 -1
329 357 -1
330 358 -1
331 359 -1
332 360 -1
333 361 -1
334 362 1
335 363 -1
336 364 -1
337 365 -1
338 366 -1
339 367 -1
340 368 -1
341 369 1
342 370 1
343 371 1
344 372 -1
345 373 -1
346 374 -1
347 375 -1
348 376 1
349 377 -1
350 378 -1
351 379 1
352 380 1
353 381 -1
354 382 1
355 383 1
356 384 -1
357 385 1
358 386 -1
359 387 1
360 388 -1
361 389 1
362 390 1
363 391 1
364 392 1
365 393 -1
366 394 1
367 395 1
368 396 1
369 397 1
370 398 1
371 399 1
372 400 -1
373 401 -1
374 402 -1
375 403 -1
376 404 -1
377 405 -1
378 406 -1
379 407 1
380 408 1
381 409 1
382 410 -1
383 411 1
384 412 -1
385 413 1
386 414 1
387 415 -1
388 416 -1
389 417 -1
390 418 1
391 419 1
392 420 1
393 421 -1
394 422 -1
395 423 1
396 424 -1
397 425 -1
398 426 1
399 427 1
400 428 1
401 429 -1
402 430 -1
403 431 1
404 432 1
405 433 1
406 434 -1
407 435 1
408 436 -1
409 437 -1
410 438 -1
411 439 -1
412 440 1
413 441 -1
414 442 1
415 443 1
416 444 -1
417 445 1
418 446 1
419 447 -1
420 448 -1
421 449 -1
422 450 1
423 451 1
424 452 1
425 453 -1
426 454 -1
427 455 1
428 456 -1
429 457 -1
430 458 -1
431 459 1
432 460 -1
433 461 1
434 462 1
435 463 -1
436 464 -1
437 465 1
438 466 1
439 467 1
440 468 1
441 469 1
442 470 -1
443 471 -1
444 472 -1
445 473 1
446 474 1
447 475 1
448 476 -1
449 477 1
450 478 -1
451 479 -1
452 480 -1
453 481 -1
454 482 -1
455 483 -1
456 484 1
457 485 1
458 486 -1
459 487 1
460 488 1
461 489 -1
462 490 1
463 491 -1
464 492 1
465 493 1
466 494 -1
467 495 1
468 496 -1
469 497 -1
470 498 -1
471 499 1
472 500 1
473 501 -1
474 502 -1
475 503 -1
476 504 1
477 505 1
478 506 -1
479 507 1
480 508 -1
481 509 -1
482 510 -1
483 511 -1
484 512 -1
485 513 -1
486 514 1
487 515 1
488 516 1
489 517 1
490 518 -1
491 519 1
492 520 -1
493 521 -1
494 522 -1
495 523 1
496 524 1
497 525 -1
498 526 1
499 527 -1
500 528 1
501 529 1
502 530 1
503 531 -1
504 532 -1
505 533 -1
506 534 1
507 535 1
508 536 1
509 537 -1
510 538 -1
511 539 1
512 540 1
513 541 1
514 542 1
515 543 1
516 544 -1
517 545 -1
518 546 -1
519 547 -1
520 548 1
521 549 -1
522 550 1
523 551 -1
524 552 1
525 553 -1
526 554 -1
527 555 -1
528 556 1
529 557 -1
530 558 1
531 559 -1
532 560 -1
533 561 1
534 562 1
535 563 1
536 564 1
537 565 -1
538 566 1
539 567 1
540 568 1
541 569 -1
542 570 -1
543 571 1
544 572 1
545 573 1
546 574 1
547 575 1
548 576 1
549 577 1
550 578 -1
551 579 -1
552 580 -1
553 581 -1
554 582 -1
555 583 1
556 584 1
557 585 1
558 586 -1
559 587 1
560 588 -1
561 589 1
562 590 1
563 591 1
564 592 -1
565 593 1
566 594 1
567 595 1
568 596 -1
569 597 -1
570 598 -1
571 599 -1
572 600 -1
573 601 -1
574 602 1
575 603 1
576 604 1
577 605 1
578 606 1
579 607 -1
580 608 1
581 609 1
582 610 -1
583 611 1
584 612 1
585 613 1
586 614 -1
587 615 1
588 616 -1
589 617 -1
590 618 1
591 619 1
592 620 1
593 621 -1
594 622 1
595 623 1
596 624 1
597 625 1
598 626 1
599 627 1
600 628 1
601 629 -1
602 630 1
603 631 1
604 632 -1
605 633 -1
606 634 1
607 635 1
608 636 -1
609 637 1
610 638 -1
611 639 1
612 640 1
613 641 1
614 642 -1
615 643 -1
616 644 1
617 645 -1
618 646 -1
619 647 1
620 648 -1
621 649 1
622 650 -1
623 651 -1
624 652 1
625 653 -1
626 654 -1
627 655 -1
628 656 -1
629 657 -1
630 658 1
631 659 -1
632 660 -1
633 661 -1
634 662 -1
635 663 -1
636 664 1
637 665 -1
638 666 1
639 667 -1
640 668 1
641 669 1
642 670 -1
643 671 1
644 672 -1
645 673 1
646 674 1
647 675 -1
648 676 -1
649 677 -1
650 678 1
651 679 1
652 680 -1
653 681 1
654 682 -1
655 683 -1
656 684 1
657 685 1
658 686 1
659 687 1
660 688 -1
661 689 1
662 690 -1
663 691 1
664 692 -1
665 693 1
666 694 1
667 695 -1
668 696 1
669 697 1
670 698 1
671 699 1
672 700 -1
673 701 1
674 702 1
675 703 1
676 704 1
677 705 -1
678 706 1
679 707 1
680 708 1
681 709 -1
682 710 -1
683 711 -1
684 712 1
685 713 -1
686 714 -1
687 715 -1
688 716 1
689 717 -1
690 718 -1
691 719 -1
692 720 1
693 721 -1
694 722 -1
695 723 1
696 724 1
697 725 -1
698 726 1
699 727 1
700 728 -1
701 729 -1
702 730 1
703 731 1
704 732 1
705 733 -1
706 734 -1
707 735 1
708 736 -1
709 737 1
710 738 1
711 739 -1
712 740 -1
713 741 1
714 742 -1
715 743 1
716 744 -1
717 745 1
718 746 -1
719 747 -1
720 748 1
721 749 -1
722 750 -1
723 751 1
724 752 1
725 753 -1
726 754 1
727 755 -1
728 756 1
729 757 -1
730 758 -1
731 759 1
732 760 1
733 761 -1
734 762 -1
735 763 -1
736 764 -1
737 765 1
738 766 -1
739 767 1
740 768 1
741 769 -1
742 770 -1
743 771 1
744 772 -1
745 773 1
746 774 1
747 775 -1
748 776 -1
749 777 -1
750 778 -1
751 779 1
752 780 -1
753 781 -1
754 782 -1
755 783 1
756 0 -1
757 1 -1
758 2 1
759 3 -1
760 4 1
761 5 1
762 6 1
763 7 -1
764 8 1
765 9 -1
766 10 1
767 11 -1
768 12 1
769 13 -1
770 14 1
771 15 -1
772 16 -1
773 17 -1
774 18 1
775 19 1
776 20 1
777 21 1
778 22 1
779 23 1
780 24 1
781 25 1
782 26 1
783 27 1
